inst#,actual,predicted,error
1,4386450,4385453,-997
2,7197372,7219909,22537
3,4720820,4720702,-118
4,4367849,4769371,401522
5,5153449,4867292,-286157
6,4671559,4384809,-286750
7,4930459,4948956,18497
8,7361142,7334385,-26757
9,4595566,4439882,-155684
10,4364105,4576142.5,212037.5
11,4888973,4438158,-450815
12,4464851,4588565,123714
13,4664164,4385556,-278608
14,4328575,4319113,-9462
15,4667465,5129229,461764
16,4749715,4364180,-385535
17,4851221,5021783,170562
18,4444492,4444894,402
19,5351977,4914108,-437869
20,6696862,5846510,-850352
21,7133527,5333620,-1799907
22,5279059,5279703,644
23,4722834,4885741,162907
24,4875092,4889896,14804
25,5176182,5176919,737
26,4444545,4386248,-58297
27,6737850,4630017,-2107833
28,4618307,4618228,-79
29,5007342,5748386,741044
30,4702071,4537902.5,-164168.5
31,4588565,4606041,17476
32,4888711,4903019,14308
33,4595904,4596798,894
34,4612828,4593671,-19157
35,4899587,4897803,-1784
36,4614817,4892658,277841
37,7338565,9543145,2204580
38,4924478,5826389,901911
39,4440657,4967318,526661
40,4365306,4617685,252379
41,4490907,4491720,813
42,4703291,4665983,-37308
43,5244910,5284981,40071
44,5327879,5401109,73230
45,5216333,5342584,126251
46,4476730,4583526,106796
47,4703361,4547353,-156008
48,5353199,5245823,-107376
49,5007228,4909295,-97933
50,4405009,4668436,263427
51,4333725,4724905,391180
52,4371298,4356774,-14524
53,4899027,4386229,-512798
54,7192913,7193249,336
55,4518558,4859275,340717
56,5864224,5542268,-321956
57,5421436,5431336,9900
58,5395916,4655193,-740723
59,4330998,4819365,488367
60,4677105,4671917,-5188
61,5008452,5850467,842015
62,5007955,4967203,-40752
63,4781822,4996351,214529
64,4708854,4397369.5,-311484.5
65,4742653,4737456,-5197
66,5182723,4767776,-414947
67,5040621,5040118,-503
68,7338363,9542802,2204439
69,4330077,4332816,2739
70,5447434,5846510,399076
71,5222125,5175946,-46179
72,5119376,5470479,351103
73,4381809,4440267,58458
74,4370010,4847946,477936
75,4384706,4386248,1542
76,4319120,4317950,-1170
77,4890758,5053652,162894
78,5331127,5330954,-173
79,4611127,4673444,62317
80,4548882,4411700,-137182
81,4902609,4882678.5,-19930.5
82,5396451,4914108,-482343
83,4933094,5211988,278894
84,4344690,4548882,204192
85,4948916,4948956,40
86,4927470,4459785,-467685
87,4339053,4438158,99105
88,4826111,4547588,-278523
89,9554553,9601585,47032
90,4801671,4414000,-387671
91,4439896,4703464,263568
92,5187166,5221335,34169
93,4495405,4493816,-1589
94,4668349,4771524,103175
95,4658083,4590961.5,-67121.5
96,4900421,4900038,-383
97,4593812,4596367,2555
98,4489045,4328478,-160567
99,4899397,4899832,435
100,4317775,4319160,1385
101,4899554,4787009.667,-112544.333
102,4387460,4387234,-226
103,4750050,4491744,-258306
104,5327894,5386017,58123
105,4702606,4746980,44374
1,4320009,4320553,544
2,4554454,4494610,-59844
3,4493816,4547265,53449
4,4867312,5279059,411747
5,7193249,7192913,-336
6,4918670,4996351,77681
7,4929471,4909151,-20320
8,4819289,4819365,76
9,4382062,4317775,-64287
10,5090012,5090012,0
11,4440447,4382439,-58008
12,4377263,4367397,-9866
13,4593671,4617685,24014
14,4548057,4615831,67774
15,4659616,4689190,29574
16,4694949,4330175,-364774
17,4724905,4333725,-391180
18,5812805,5801161,-11644
19,4769371,4367849,-401522
20,5288870,5084286,-204584
21,5172187,4890580,-281607
22,4658847,4681310,22463
23,5410788,5431336,20548
24,5235483,4722677,-512806
25,4438158,4888973,450815
26,4707363,4364816,-342547
27,4838916,4673444,-165472
28,4547353,4333530,-213823
29,5372309,4902788,-469521
30,7216631,7192361,-24270
31,4377370,4547301,169931
32,4909904,4909151,-753
33,4513020,4851127,338107
34,4723325,5331494,608169
35,4805604,4401397,-404207
36,5089619,5073958,-15661
37,4832299,4779503,-52796
38,4364180,4372901,8721
39,4439518,4551408,111890
40,4664016,4702071,38055
41,4718775,4464282,-254493
42,4842005,4615601,-226404
43,4629424,4749647,120223
44,4708679,4547588,-161091
45,5262325,4859275,-403050
46,4358077,4362129,4052
47,4653712,4829568,175856
48,4589634,4590082,448
49,4404744,4381825,-22919
50,6785250,6634669,-150581
51,4547552,4377176,-170376
52,4854656,4859579,4923
53,4661525,4420197,-241328
54,4682374,4659778,-22596
55,4725804,7000429,2274625
56,4655202,4597167,-58035
57,4889289,4892714,3425
58,4888273,4927470,39197
59,5310900,5277045,-33855
60,4863604,4902609,39005
61,4671917,4677105,5188
62,4958423,4444545,-513878
63,4968275,4968362,87
64,4573939,4904519,330580
65,4929284,5567904,638620
66,4460629,5115196,654567
67,4893836,5176919,283083
68,4941554,4549526,-392028
69,4411700,4328622,-83078
70,4437465,4367849,-69616
71,4620207,4444438,-175769
72,4490564,4834814,344250
73,5245295,4967358,-277937
74,4771524,4781472,9948
75,4523278,4552417,29139
76,4715792,5286183,570391
77,4390406,4362129,-28277
78,4945033,4905104.5,-39928.5
79,4395738,4395670,-68
80,4655193,4654984,-209
81,4329468,4319614,-9854
82,4835285,4975982,140697
83,4665983,5561413,895430
84,5343111,5299246,-43865
85,4329971,4655832,325861
86,4630017,4630380,363
87,4522167,4547034,24867
88,4867292,4859579,-7713
89,5400454,4381779,-1018675
90,4387234,4387460,226
91,4914108,5401095,486987
92,4890666,4909151,18485
93,4556693,4444368,-112325
94,4434970,4460089,25119
95,5006240,5805689,799449
96,4772432,4791194,18762
97,4396067,4444444,48377
98,4381216,4376082,-5134
99,4976367,4363027,-613340
100,4889318,4889896,578
101,5001948,5299210,297262
102,4386229,4405254,19025
103,4605387,4902609,297222
104,4809182,4663213,-145969
105,4406545,4299561,-106984
1,9598234,9553055,-45179
2,4363027,4681690.5,318663.5
3,4548166,4330682,-217484
4,6634669,4635404,-1999265
5,6721908,5186056,-1535852
6,4362695,4397366,34671
7,4460089,4835285,375196
8,4595042,4843287,248245
9,4907845,4445282,-462563
10,5211988,4789022,-422966
11,5322057,4746980,-575077
12,4596367,4593812,-2555
13,5915599,7049529,1133930
14,4491720,4491744,24
15,4547588,4708679,161091
16,4383001,4406045,23044
17,7333432,7357034,23602
18,4693091,4691796,-1295
19,4328722,4328920,198
20,4321231,4329317,8086
21,4630100,4606832,-23268
22,5128674,4630108,-498566
23,4958398,5652008,693610
24,4366458,5036852.5,670394.5
25,4720702,4720820,118
26,4360716,4404632,43916
27,5021966,4630380,-391586
28,4664874,4372901,-291973
29,5241327,5431336,190009
30,4566558,4549526,-17032
31,4619559,4405697,-213862
32,5342584,4893740,-448844
33,4449132,4371143,-77989
34,4975982,4835285,-140697
35,4683082,4405254,-277828
36,5285035,4741873,-543162
37,4749647,5107863,358216
38,4619511,4603166,-16345
39,7198506,7197372,-1134
40,5401109,5327879,-73230
41,5236520,5244910,8390
42,4606861,4612539,5678
43,4597167,4319659,-277508
44,5302841,4586492,-716349
45,4919104,4405075,-514029
46,5748414,5259521,-488893
47,4888297,4901753,13456
48,4439896,4702071,262175
49,5157393,4664033,-493360
50,4606712,5386017,779305
51,4489708,4410036,-79672
52,4677189,4707516,30327
53,4899037,4366458,-532579
54,5703598,6785427,1081829
55,4861679,4899299,37620
56,4671701,4340523,-331178
57,4327279,4395683,68404
58,5285292,5284981,-311
59,5327638,4732947,-594691
60,5166893,5186744,19851
61,5304091,4387460,-916631
62,5090577,5090279.5,-297.5
63,4377539,4459785,82246
64,4851251,4590082,-261169
65,4904620,4943397,38777
66,4380932,4283327,-97605
67,4703464,4678765,-24699
68,5176181,5176940,759
69,5567904,4929284,-638620
70,4386694,4900161,513467
71,4367280,4900038,532758
72,4318539,4546346,227807
73,6708028,6698399,-9629
74,5665272,4803622,-861650
75,4928691,4908718,-19973
76,4613341,4720820,107479
77,4386499,4899672,513173
78,5299210,5001948,-297262
79,4549182,4330682,-218500
80,4459667,4444368,-15299
81,4892714,4803622,-89092
82,5401095,4914108,-486987
83,5245816,5182391,-63425
84,6722300,6785427,63127
85,7192361,7216631,24270
86,4957519,4365368,-592151
87,4318206,4319174,968
88,4395714,4395683,-31
89,5000800,4443276,-557524
90,4337850,4630380,292530
91,5236084,5279059,42975
92,4583526,4476730,-106796
93,7333485,7357482,23997
94,4851127,5206917,355790
95,4319160,4367397,48237
96,5065698,6785250,1719552
97,4722750,4722677,-73
98,4406345,4667985,261640
99,4664482,4893346,228864
100,4889419,6721904,1832485
101,4590091,5021783,431692
102,4595351,4702606,107255
103,4550225,4549073,-1152
104,4371701,4947164,575463
105,4892658,4897587,4929
1,5492936,4737456,-755480
2,4707786,4889318,181532
3,4318989,4319264,275
4,5288636,4791194,-497442
5,9545941,7339526,-2206415
6,4898321,4909295,10974
7,4890580,4890207,-373
8,4404632,4360716,-43916
9,5083320,5185189,101869
10,4858972,4859275,303
11,4333530,4323566,-9964
12,5542268,5864224,321956
13,4618249,4457823,-160426
14,4320590,4319659,-931
15,5001945,5299270,297325
16,5055583,5099445,43862
17,4771688,4586492,-185196
18,4328478,4489045,160567
19,4902198,4605554,-296644
20,4318396,4319225,829
21,7133527,7133527,0
22,4382461,4406345,23884
23,4889896,4889896,0
24,5298317,5206917,-91400
25,4967318,5284900,317582
26,4384541,4663213,278672
27,4948261,4405611,-542650
28,4894230,4958597,64367
29,5163389,4408545,-754844
30,4405009,4405009,0
31,5801161,5812805,11644
32,4797938,4724905,-73033
33,7334385,7361142,26757
34,4332816,4328724,-4092
35,6779969,5053652,-1726317
36,4891180,4893740,2560
37,4590082,4589634,-448
38,4654832,4607713,-47119
39,4357009,4826000,468991
40,4387014,4406345,19331
41,4330175,4320096,-10079
42,4439857,4365074,-74783
43,6785427,5517546,-1267881
44,4552685,4547353,-5332
45,5244902,5217530,-27372
46,4662488,4635909,-26579
47,4554624,4770962,216338
48,4381365,4319160,-62205
49,4662485,4671559,9074
50,4591372,4605554,14182
51,4384742,4384013,-729
52,4444413,4444902,489
53,4888701,4889419,718
54,4909307,4909383,76
55,4888732,4593205,-295527
56,4377160,4396533,19373
57,4333420,4396533,63113
58,4904519,4904519,0
59,4576880,4552417,-24463
60,4444358,4444438,80
61,4613369,5065698,452329
62,5055635,4593812,-461823
63,4888732,4593671,-295061
64,4900161,4386694,-513467
65,4948312,4929471,-18841
66,5317750,7133527,1815777
67,4809664,5328767,519103
68,4328639,4328722,83
69,4788180,4364105,-424075
70,4834387,4439889,-394498
71,4387283,4655124,267841
72,9545941,7339137,-2206804
73,4381336,4383687,2351
74,4583903,4583526,-377
75,5381348,5410788,29440
76,7193249,7193529,280
77,4283886,4317775,33889
78,4899672,4643477,-256195
79,4320553,4319062,-1491
80,4439882,4595566,155684
81,4958406,4957712,-694
82,4888564,4720564,-168000
83,4889823,4942393,52570
84,4903559,4721536,-182023
85,4952443,4611184,-341259
86,4883876,4503552.5,-380323.5
87,4625052,4658083,33031
88,4876811,4397366,-479445
89,5176940,5176181,-759
90,4612539,4606861,-5678
91,4396289,4395738,-551
92,4820834,4674473,-146361
93,4843297,4341826,-501471
94,4384809,4389593,4784
95,4537527,4549073,11546
96,4667936,4595042,-72894
97,4552307,4547552,-4755
98,5514286,5523221,8935
99,4526332,4847003,320671
100,4957323,5652008,694685
101,5186056,5333340,147284
102,4549206,4549073,-133
103,4893071,4863767,-29304
104,4329823,4330727,904
105,5055103,4440605,-614498
1,4834229,5206015.5,371786.5
2,5470479,5119376,-351103
3,4341826,4843297,501471
4,5284981,5285292,311
5,5226856,5123982,-102874
6,5090012,5108638,18626
7,4683672,4781472,97800
8,4630380,4630017,-363
9,4720814,4662488,-58326
10,4319789,4665983,346194
11,9543145,7338565,-2204580
12,4695798,4552417,-143381
13,5235163,4990512.667,-244650.333
14,4718134,4440297,-277837
15,4396533,4333420,-63113
16,4723299,4789022,65723
17,4439889,4834387,394498
18,4342753,4522618,179865
19,4773089,4778122,5033
20,4328622,4411700,83078
21,4322500,4321398,-1102
22,4385453,4386450,997
23,4445078,4391094.5,-53983.5
24,4328740,4330175,1435
25,4605554,4591372,-14182
26,5185189,5175946,-9243
27,4902788,5372309,469521
28,4547301,4377370,-169931
29,4346761,4819289,472528
30,4825093,4654832,-170261
31,4659798,4319225,-340573
32,5177715,5177689,-26
33,4779503,4832299,52796
34,4623623,4555676,-67947
35,4889896,4889896,0
36,4414000,4801671,387671
37,4654984,4655193,209
38,5318490,5288870,-29620
39,4389593,4384809,-4784
40,4319113,4328575,9462
41,4384683,4367280,-17403
42,4537366,4771688,234322
43,4884346,4420197,-464149
44,4381352,4382049,697
45,5373486,5089619,-283867
46,5331494,6785427,1453933
47,4833172,4828139,-5033
48,5107863,4749647,-358216
49,4957497,5235849,278352
50,4488856,4495603,6747
51,4406045,4410926.5,4881.5
52,4967366,5008101,40735
53,5766764,4460629,-1306135
54,5185846,4904519,-281327
55,6810719,4809664,-2001055
56,4445282,4903559,458277
57,4717850,5285292,567442
58,4586492,4771688,185196
59,4318634,4318989,355
60,5420900,4900161,-520739
61,4406420,4381825,-24595
62,4819365,4330998,-488367
63,4604948,4746529,141581
64,4405611,4359682,-45929
65,5870315,5381308,-489007
66,4321296,4476730,155434
67,5470586,5285292,-185294
68,4958597,4958684,87
69,4490363,4329840,-160523
70,4943616,4924091,-19525
71,4660294,4555676,-104618
72,5186744,5166893,-19851
73,4330001,4328722,-1279
74,5176375,5176919,544
75,5073958,5089619,15661
76,4947164,4371701,-575463
77,5333076,5322984,-10092
78,4825406,4830323,4917
79,5299270,5001945,-297325
80,4909383,4909307,-76
81,4494774,4328479,-166295
82,5099445,5728071,628626
83,5332610,5099036,-233574
84,4958796,5099036,140240
85,4900235,4920190.333,19955.333
86,4803622,5665272,861650
87,5099055,4612828,-486227
88,5592417,5319493,-272924
89,4319630,4320472,842
90,4901753,4901314,-439
91,4615831,4329823,-286008
92,9553055,9598234,45179
93,4791194,5288636,497442
94,5299246,5343111,43865
95,4785892,4781472,-4420
96,4363835,4654588,290753
97,4779730,4782016,2286
98,4555267,4554454,-813
99,4605132,4330998,-274134
100,4600190,4658331,58141
101,4416200,4367849,-48351
102,4606041,4588565,-17476
103,4968258,5008101,39843
104,4331860,4330924,-936
105,4327259,4317950,-9309
1,4599296,4322500,-276796
2,4693185,4854656,161471
3,4889758,4390406,-499352
4,4522618,4581118.5,58500.5
5,4604120,4462697,-141423
6,5055667,5353199,297532
7,5749180,5351977,-397203
8,5054579,4957323,-97256
9,4892547,4888297,-4250
10,4673444,4611127,-62317
11,4283327,4317699,34372
12,4723091,4899037,175946
13,5352254,4968275,-383979
14,4615601,5076452.5,460851.5
15,4741873,5093616.5,351743.5
16,4546502,4547353,851
17,5186774,4652263,-534511
18,4614773,4615100,327
19,5075195,5108638,33443
20,5319109,5153419,-165690
21,4890380,4943555,53175
22,4317950,4319120,1170
23,4810957,4737456,-73501
24,7282055,7148144,-133911
25,4736937,5084286,347349
26,4905690,4904519,-1171
27,5217530,5244902,27372
28,4957762,5065698,107936
29,5260078,4727505,-532573
30,4691796,4693091,1295
31,4340523,4671701,331178
32,5846510,6696862,850352
33,4463317,4674236,210919
34,4383687,4384013,326
35,4631018,4387283,-243735
36,4706493,4708679,2186
37,4746980,4702606,-44374
38,4703464,5354250,650786
39,4947759,5007955,60196
40,9601585,9554553,-47032
41,4957789,4899554,-58235
42,5561413,4665983,-895430
43,4491744,4750050,258306
44,4321552,4330924,9372
45,4547449,4377160,-170289
46,4901759,5592417,690658
47,4389974,4566735,176761
48,4757683,4364816,-392867
49,4405697,4464282,58585
50,6698399,6708028,9629
51,4897587,4892658,-4929
52,5792522,5783047,-9475
53,5005897,5822211,816314
54,4893740,4891180,-2560
55,4548135,4358086,-190049
56,4391925,4642149,250224
57,4362129,4390406,28277
58,4949517,4909307,-40210
59,4390769,4462697,71928
60,4595255,4596304,1049
61,5860066,4671701,-1188365
62,4718602,4659778,-58824
63,5332337,5332869,532
64,4547034,4522722.5,-24311.5
65,4440267,4381809,-58458
66,4365074,4406045,40971
67,4830386,4703361,-127025
68,5284900,4967318,-317582
69,4444458,4444413,-45
70,5287223,4707786,-579437
71,4604877,6779969,2175092
72,4957202,4991762,34560
73,4375924,4788881,412957
74,4833172,4832299,-873
75,4605863,5008215,402352
76,5396804,5395916,-888
77,4329709,4549038,219329
78,5401187,4826000,-575187
79,5185444,5040118,-145326
80,4381825,4909151,527326
81,4907623,5133855.5,226232.5
82,4942393,4889823,-52570
83,4319225,4318396,-829
84,4459785,4927470,467685
85,5084005,5175946,91941
86,5850467,5008452,-842015
87,4356579,4283886,-72693
88,4319659,4597167,277508
89,4899539,4885156,-14383
90,4678765,4703464,24699
91,4904716,4924091,19375
92,4957694,4900161,-57533
93,4864486,4371298,-493188
94,4674473,4659778,-14695
95,4844127,4834229,-9898
96,7147727,5328767,-1818960
97,4888534,4851127,-37407
98,5381308,4737091,-644217
99,5177689,5177715,26
100,4824861,4854656,29795
101,4547353,4552685,5332
102,4958782,4899554,-59228
103,4900038,4900421,383
104,4815209,4888297,73088
105,4444894,4444492,-402
1,5176919,5176182,-737
2,7338565,9543145,2204580
3,4722677,5235483,512806
4,4879643,4897803,18160
5,4829294,4843287,13993
6,4654588,4677189,22601
7,5220813,4824413,-396400
8,4573939,4566558,-7381
9,4321398,4322500,1102
10,4957595,4958423,828
11,5229855,4416200,-813655
12,5221335,5187166,-34169
13,4442983,4612828,169845
14,4682451,4688428.5,5977.5
15,4778122,4773089,-5033
16,4893024,4893108,84
17,4893128,4889318,-3810
18,7339526,9545941,2206415
19,4537061,4547353,10292
20,4997790,5748386,750596
21,9597538,9552451,-45087
22,4597992,4597615,-377
23,4328724,4328575,-149
24,4890585,5235849,345264
25,4548882,4344690,-204192
26,4365368,4957519,592151
27,4364816,4460038,95222
28,5822211,5005897,-816314
29,4615549,4551408,-64141
30,4668436,4888297,219861
31,5333620,7133527,1799907
32,4611184,4952443,341259
33,4401397,4899390,497993
34,4652263,5235849,583586
35,4664327,4444413,-219914
36,4948536,4357009,-591527
37,4407456,4360504,-46952
38,4770395,4595351,-175044
39,4909151,4909904,753
40,4560996,4551408,-9588
41,4561058,4432442.5,-128615.5
42,6721825,5333076,-1388749
43,4949247,5117124,167877
44,9542802,7338363,-2204439
45,4334319,4320009,-14310
46,5747801,4586492,-1161309
47,4426003,4440331,14328
48,4957727,4395690,-562037
49,4376082,4381216,5134
50,4381779,4410507,28728
51,4635909,4702071,66162
52,4552417,4576880,24463
53,4889019,4875092,-13927
54,4591394,4615601,24207
55,4663213,4809182,145969
56,5008215,4968275,-39940
57,4958510,4958423,-87
58,4770962,4554624,-216338
59,5175946,5222125,46179
60,4323566,4333530,9964
61,5280747,4737456,-543291
62,4770610,4858972,88362
63,4553325,4330001,-223324
64,4386030,4664033,278003
65,4603166,4619511,16345
66,4996351,4918670,-77681
67,4608580,4440312,-168268
68,4384013,4383687,-326
69,4901753,4888297,-13456
70,4591207,4391925,-199282
71,4901314,4901753,439
72,7000775,5805689,-1195086
73,5376783,4893108,-483675
74,4788881,4375924,-412957
75,5001945,4957694,-44251
76,4596304,4618228,21924
77,4966984,4966483,-501
78,5652008,4957323,-694685
79,4665080,4677189,12109
80,4329317,4440267,110950
81,4319174,4318206,-968
82,5153419,5319109,165690
83,5220944,5185846,-35098
84,4479830,4893939,414109
85,4364105,4364105,0
86,4789022,4723299,-65723
87,4968362,4968275,-87
88,5298869,4810957,-487912
89,4754598,4457823,-296775
90,4591468,4754708,163240
91,5245823,5353199,107376
92,4825167,4771688,-53479
93,4782016,4779730,-2286
94,4490907,4489045,-1862
95,4420197,4884346,464149
96,4555676,4660294,104618
97,5376783,5235483,-141300
98,4695731,4416200,-279531
99,4389422,4966483,577061
100,4495973,4491744,-4229
101,4948837,4967366,18529
102,4834710,4379036.5,-455673.5
103,4359682,4405611,45929
104,4732947,5327638,594691
105,4318151,4317699,-452
1,4382581,4321231,-61350
2,4959391,5054579,95188
3,5089982,5090577,595
4,4610987,4581308,-29679
5,4367397,4377263,9866
6,4893108,4893024,-84
7,5084286,5288870,204584
8,4910016,4908718,-1298
9,4440605,4341826,-98779
10,4444444,4396067,-48377
11,4910016,4930459,20443
12,4371143,4449132,77989
13,5259521,4331980,-927541
14,5182209,5229855,47646
15,4385556,4363835,-21721
16,4824413,4819484,-4929
17,5240664,5319493,78829
18,4847946,4370010,-477936
19,5748386,4997790,-750596
20,4991762,4957202,-34560
21,4816340,4411700,-404640
22,5410586,5288762,-121824
23,4655124,4360504,-294620
24,5328767,7147727,1818960
25,7190062,7133527,-56535
26,4849734,4867292,17558
27,4591364,4604948,13584
28,4547241,4547301,60
29,7049529,5915599,-1133930
30,4445571,5279360,833789
31,7134012,5293209,-1840803
32,4909904,4909904,0
33,4885156,4899539,14383
34,7198506,7198506,0
35,4356774,4371298,14524
36,7338363,9541935,2203572
37,4907936,4630108,-277828
38,5185711,4683082,-502629
39,5297000,4720702,-576298
40,4317699,4318151,452
41,4607713,4655832,48119
42,5279703,5298155,18452
43,9552451,9597538,45087
44,4330727,4329823,-904
45,4607834,4825442,217608
46,4967358,5073958,106600
47,4405254,4683082,277828
48,5332869,5332337,-532
49,4320013,4372901,52888
50,5108739,6708028,1599289
51,4595438,4611127,15689
52,4384930,4340523,-44407
53,5099036,5376783,277747
54,4593205,4888732,295527
55,4900455,4899672,-783
56,4892630,4444902,-447728
57,4397366,4362695,-34671
58,5354250,4703464,-650786
59,4966483,4966984,501
60,4299561,4406545,106984
61,4606832,4630100,23268
62,4395640,4323566,-72074
63,4551408,4560996,9588
64,4439057,4420223,-18834
65,4606117,4547353,-58764
66,4330688,4321398,-9290
67,5330954,4331980,-998974
68,4444404,4393555.5,-50848.5
69,7148144,7282055,133911
70,4405075,4674473,269398
71,4604785,4604948,163
72,5185189,5083320,-101869
73,4767776,4899832,132056
74,7003956,5373486,-1630470
75,4443276,4370010,-73266
76,5182391,6785427,1603036
77,4899085,4384541,-514544
78,5342584,5216333,-126251
79,4433799,4459785,25986
80,4470699,4460038,-10661
81,5235849,4652263,-583586
82,5322984,5333076,10092
83,4652263,5186774,534511
84,4654432,4664033,9601
85,4967203,5007955,40752
86,4629861,5090012,460151
87,4843287,4595042,-248245
88,4547694,4596367,48673
89,4429190,4420223,-8967
90,5322707,5561413,238706
91,4830940,4777327,-53613
92,4328920,4328722,-198
93,4556871,4658083,101212
94,6697419,4459667,-2237752
95,4377176,4330040,-47136
96,5805689,5006240,-799449
97,4716551,4820834,104283
98,5064144,5342689,278545
99,4395690,4386030,-9660
100,4618228,4596367,-21861
101,4618228,4596304,-21924
102,5689369,4948536,-740833
103,4891242,4749647,-141595
104,4859579,4854656,-4923
105,5718295,4809182,-909113
1,4386248,4384706,-1542
2,4617767,4924041,306274
3,4664033,4654432,-9601
4,4547265,4493816,-53449
5,4908718,4910016,1298
6,4702606,4595351,-107255
7,4884081,4918670,34589
8,4777327,4830940,53613
9,4796249,4611127,-185122
10,4707516,4677189,-30327
11,5728071,5099445,-628626
12,5431336,5241327,-190009
13,4319062,4319113,51
14,5342689,4725804,-616885
15,7000429,4725804,-2274625
16,5008084,4968362,-39722
17,4863767,4893071,29304
18,4420223,4429190,8967
19,4619492,4606041,-13451
20,4319614,4329468,9854
21,4372901,4664874,291973
22,4382049,4381352,-697
23,4630108,5128674,498566
24,4618461,5099036,480575
25,4321447,4440312,118865
26,5001748,5204545.5,202797.5
27,4581308,4444444,-136864
28,4460038,4364816,-95222
29,5298155,5279703,-18452
30,4319978,4377370,57392
31,4819484,4824413,4929
32,5826389,4924478,-901911
33,4889289,4892547,3258
34,4620207,4614817,-5390
35,5482542,4727505,-755037
36,4617685,4593671,-24014
37,4386578,4363027,-23551
38,4893939,4479830,-414109
39,4904519,4590322,-314197
40,4662910,4662485,-425
41,4406156,4909295,503139
42,4554658,4664874,110216
43,4737091,5381308,644217
44,5322641,7133527,1810886
45,4796027,4440447,-355580
46,4406045,4406045,0
47,5385075,5401494,16419
48,4659750,4630100,-29650
49,4618168,4957519,339351
50,4286178,4426003,139825
51,4320472,4377370,56898
52,4598273,4431499.333,-166773.667
53,4319894,4318989,-905
54,4440331,4426003,-14328
55,4781472,4785892,4420
56,4366458,4899037,532579
57,5065698,4785565.5,-280132.5
58,4386862,4749715,362853
59,5286183,4966483,-319700
60,5206917,4851127,-355790
61,4825442,4607834,-217608
62,4590867,4318396,-272471
63,5328134,4407456,-920678
64,5293209,4888711,-404498
65,4464282,4405697,-58585
66,4897667,5333620,435953
67,4815413,4976367,160954
68,4889896,4644921,-244975
69,4608930,4608580,-350
70,4948956,4948916,-40
71,4367026,4690618,323592
72,4313219,4317699,4480
73,5386017,4606712,-779305
74,9543145,7338565,-2204580
75,4890207,4890580,373
76,4840831,4607834,-232997
77,4395683,4395714,31
78,4330682,4440312,109630
79,4900494,4958684,58190
80,4526305,4924478,398173
81,7192163,7216092,23929
82,4943555,4890380,-53175
83,4635404,6634669,1999265
84,4469173,4318206,-150967
85,4385029,4900313,515284
86,6721904,4889419,-1832485
87,4608827,4832299,223472
88,4957712,4958406,694
89,7219909,7197372,-22537
90,5099446,5055635,-43811
91,4596798,4595904,-894
92,5235849,4924041,-311808
93,4393032,4416200,23168
94,4737456,5117794.5,380338.5
95,4566735,4389974,-176761
96,5053652,6779969,1726317
97,4382439,4440447,58008
98,4595267,4595351,84
99,4327287,4327279,-8
100,7193529,7193249,-280
101,4322155,4318634,-3521
102,4494610,4554454,59844
103,5346094,4858972,-487122
104,7202591,5277045,-1925546
105,4319187,4330077,10890
1,4331980,5259521,927541
2,5090012,5090012,0
3,7357034,7333432,-23602
4,4893346,4459667,-433679
5,5277045,5310900,33855
6,4590322,4904519,314197
7,4655832,4329971,-325861
8,4943397,4904620,-38777
9,4580531,4439518,-141013
10,4597615,4597992,377
11,4828139,4833172,5033
12,4444902,4444413,-489
13,4546346,4318539,-227807
14,4766699,5090577,323878
15,4462697,4390406,-72291
16,7216092,7192163,-23929
17,5108638,5075195,-33443
18,4681310,4683082,1772
19,4440297,4718134,277837
20,5523221,5514286,-8935
21,4410507,4381779,-28728
22,4440312,4321447,-118865
23,4847003,4526332,-320671
24,7339137,9545941,2206804
25,4457823,4618249,160426
26,4549073,4537527,-11546
27,4898034,5343111,445077
28,4727505,5260078,532573
29,4556637,4426003,-130634
30,5007351,4463317,-544034
31,4893815,4893071,-744
32,4320096,4330175,10079
33,4328479,4329468,989
34,4488774,4332816,-155958
35,4756690,5317750,561060
36,5089982,5007955,-82027
37,5279360,5333620,54260
38,4834814,4490564,-344250
39,5129229,4667465,-461764
40,5040118,5113032.5,72914.5
41,4900313,4780605.5,-119707.5
42,5319493,5284981,-34512
43,4806814,4952443,145629
44,4444438,4444358,-80
45,5288629,4952443,-336186
46,5288762,5410586,121824
47,5401494,5087048.5,-314445.5
48,4408545,4330175,-78370
49,4885741,4604785,-280956
50,5393703,4957323,-436380
51,5440676,5401187,-39489
52,4658331,4600190,-58141
53,4899832,4767776,-132056
54,4548906,4547353,-1553
55,4924091,4904716,-19375
56,5008101,4968258,-39843
57,4669019,4702606,33587
58,4395670,4395738,68
59,4909295,4406156,-503139
60,4415278,4552417,137139
61,7357482,7333485,-23997
62,4748957,4490564,-258393
63,4240686,4328920,88234
64,4904519,4573939,-330580
65,5783047,5792522,9475
66,9541935,7338363,-2203572
67,4830323,4825406,-4917
68,5177160,5176919,-241
69,5123982,5226856,102874
70,4897330,4899037,1707
71,4593640,4370010,-223630
72,4588565,4464851,-123714
73,5333340,5186056,-147284
74,5184391,4907623,-276768
75,4867292,4691796,-175496
76,4386648,4635620,248972
77,4330040,4377176,47136
78,4754708,4591468,-163240
79,5021783,4590091,-431692
80,5156714,5157393,679
81,4330924,4439392,108468
82,4319313,4319062,-251
83,4415808,4406045,-9763
84,4358086,4548135,190049
85,4958684,4958597,-87
86,5090577,5090577,0
87,4899390,4900421,1031
88,4591372,4591372,0
89,5395178,4319225,-1075953
90,4566530,4722834,156304
91,4444368,4459667,15299
92,4903019,4888711,-14308
93,5286577,4907936,-378641
94,5353047,5090012,-263035
95,4317775,4283886,-33889
96,4859275,4858972,-303
97,4829568,4653712,-175856
98,4549526,4566558,17032
99,4496328,4381809,-114519
100,4444342,4367280,-77062
101,4659778,4674473,14695
102,4899299,4861679,-37620
103,4615100,4595566,-19534
104,4897803,4627107.5,-270695.5